10696597
10696598
10696599
10696600
10696601
10696602
10696603
10696604
10696605
10696606
10696607
10696608
10696609
10696610
10696611
10696612
10696613
10696614
10696615
10696616
10696617
10696618
10696619
10696620
10696621
10696622
10696623
10696624
10696625
10696626
10696627
10696628
10696630
10696632
10696639
10696640
10696641
10696643
10696648
10696669
10696670
10696671
10696672
10696673
10696674
10696675
10696676
10696681
10696682
10696685
10696687
10696690
10696697
10696700
10696701
10696703
10696704
10696716
10696718
10696728
10696729
10696730
10696731
10696732
10696733
10696734
10696736
10696737
10696739
10696741
10696744
10696745
10696748
10696764
10696765
10696767
10696769
10696775
10696777
10696787
10696790
10696791
10696792
10696793
10696794
10696795
10696797
10696798
10696803
10696818
10696820
10696822
10696823
10696832
10696839
10696840
10696845
10696877
10696891
10696915
10696916
10696917
10696918
10696919
10696920
10696921
10696922
10696923
10696924
10696926
10696927
10696933
10696942
10696950
10696957
10696960
10696963
10696964
10696969
10696970
10696974
10696975
10696976
10696977
10696979
10696980
10696981
10696982
10696984
10696985
10696986
10696987
10696988
10696993
10696994
10696995
10696997
10696999
10697002
10697005
10697007
10697008
10697009
10697010
10697011
10697012
10697015
10697017
10697021
10697022
10697024
10697025
10697034
10697035
10697037
10697047
10697049
10697050
10697056
10697060
10697061
10697062
10697063
10697064
10697065
10697066
10697067
10697068
10697069
10697070
10697071
10697074
10697078
10697080
10697083
10697085
10697088
10697092
10697093
10697106
10697111
10697112
10697113
10697115
10697116
10697118
10697119
10697122
10697124
10697125
10697127
10697130
10697131
10697135
10697140
10697142
10697144
10697150
10697155
10697160
10697162
10697163
10697164
10697165
10697167
10697168
10697171
10697174
10697176
10697178
10697179
10697180
10697181
10697182
10697186
10697187
10697188
10697189
10697190
10697193
10697195
10697196
10697198
10697199
10697200
10697201
10697203
10697204
10697206
10697207
10697208
10697209
10697210
10697215
10697217
10697218
10697219
10697221
10697225
10697226
10697227
10697228
10697229
10697230
10697231
10697232
10697233
10697234
10697235
10697236
10697237
10697238
10697239
10697242
10697245
10697247
10697248
10697250
10697251
10697255
10697257
10697258
10697259
10697260
10697261
10697262
10697263
10697264
10697265
10697266
10697267
10697268
10697270
10697271
10697272
10697273
10697274
10697276
10697280
10697281
10697282
10697283
10697284
10697285
10697286
10697287
10697288
10697289
10697290
10697291
10697292
10697293
10697294
10697295
10697296
10697297
10697298
10697299
10697300
10697302
10697303
10697304
10697305
10697306
10697307
10697308
10697310
10697311
10697312
10697313
10697314
10697315
10697316
10697317
10697318
10697319
10697320
10697321
10697323
10697324
